    1 0 1 1 0 1 +
  1 0 1 1 0 1 1
  -------------
1 0 0 0 1 0 0 0


  1 0 1 1 0 +
1 0 1 1 0 1
          1
===========

      1 0 0 0 1 +
    1 0 0 0 1 1
    -----------
    1 1 0 1 0 0

        1 1 0 1 +
      1 1 0 1 1
      ---------
    1 0 1 0 0 0

Proof:

Consider the binary representation of any odd number x:

... d3 d2 1

Then 3x + 1 = 2x + x + 1 = (x << 1) + 1 + x:

... d3 d2  1  1 +
    d4 d3 d2  1
---------------
              0

    1 1 1 1 1 1 1 +
  1 1 1 1 1 1 1 1
  ---------------
1 0 1 1 1 1 1 1 0

    1 0 1 1 1 1 1 1 +
  1 0 1 1 1 1 1 1 1
  -----------------
1 0 0 0 1 1 1 1 1 0

  1 0 0 0 1 1 1 1 1 +
1 0 0 0 1 1 1 1 1 1
-------------------
1 1 0 1 0 1 1 1 1 0

    1 1 0 1 0 1 1 1 1 +
  1 1 0 1 0 1 1 1 1 1
  -------------------
1 0 1 0 0 0 0 1 1 1 0

    1 0 1 0 0 0 0 1 1 1 +
  1 0 1 0 0 0 0 1 1 1 1
  ---------------------
  1 1 1 1 0 0 1 0 1 1 0

    1 1 1 1 0 0 1 0 1 1 +
  1 1 1 1 0 0 1 0 1 1 1
  ---------------------
1 0 1 1 0 1 1 0 0 0 1 0

    1 0 1 1 0 1 1 0 0 0 1 +
  1 0 1 1 0 1 1 0 0 0 1 1
  -----------------------
1 0 0 0 1 0 0 0 1 0 1 0 0
